image_width: 1280
image_height: 720
camera_name: narrow_stereo
camera_matrix:
  rows: 3
  cols: 3
  data: [1187.33058,    0.     ,  633.39356,
            0.     , 1184.49856,  387.00925,
            0.     ,    0.     ,    1.     ]
distortion_model: plumb_bob
distortion_coefficients:
  rows: 1
  cols: 5
  data: [-0.266194, 0.186860, -0.000369, 0.000160, 0.000000]
rectification_matrix:
  rows: 3
  cols: 3
  data: [1., 0., 0.,
         0., 1., 0.,
         0., 0., 1.]
projection_matrix:
  rows: 3
  cols: 4
  data: [1105.46533,    0.     ,  632.36817,    0.     ,
            0.     , 1154.00208,  387.62257,    0.     ,
            0.     ,    0.     ,    1.     ,    0.     ]
